#left is score right is suffix
115460 1

74951 3

62214 2

54024 7

49909 5

49082 4

47983 6

46188 9

45845 0

45248 8

36489 !

25910 23

25662 *

17647 123

15489 12

15071 m

14587 07

14327 01

12698 om

12428 com

11801 08

11740 13

11707 11

11554 06

10451 e

9938 #1

9765 21

9679 10

9641 @

9345 05

8699 00

8257 22

8072 A

7976 a

7933 14

7730 09

7536 E

7427 15

7048 s

7010 r

6875 69

6777 04

6632 16

6628 03

6532 n

6438 88

6438 89

6416 18

6305 17

6262 20

6214 02

6169 34

5864 24

5531 25

5453 87

5441 S

5345 007

5305 !!

5279 19

5169 77

5138 92

5133 **

4999 90

4975 y

4941 N

4939 93

4909 99

4841 R

4811 t

4792 91

4579 94

4487 #

4472 M

4416 27

4374 86

4325 26

4246 1!

4232 l

4104 66

4082 95

4056 o

4007 45

3971 28

3962 d

3950 85

3931 234

3910 33

3837 Y

3815 er

3731 56

3657 e1

3571 008

3496 L

3485 D

3472 84

3445 29

3421 96

3362 006

3360 82

3325 k

3323 30

3303 101

3294 83

3258 O

3200 E1

3137 T

3107 31

3048 78

3029 81

2984 55

2952 %

2913 h

2851 A1

2764 98

2750 79

2730 80

2659 .

2657 s1

2651 32

2571 a1

2566 i

2558 C

2545 000

2538 97

2535 n1

2529 43

2515 K

2507 3!

2414 $

2391 H

2376 44

2341 g

2294 u

2294 005

2248 B

2143 76

2140 S1

2137 G

2131 I

2060 666

2060 75

2020 ER

2001 009

1993 1*

1978 c

1958 P

1946 67

1928 N1

1920 50

1901 456

1899 3*

1875 ver

1871 r1

1861 Y1

1850 x

1844 y1

1837 001

1826 74

1814 J

1811 345

1800 Z

1797 47

1793 U

1789 987

1775 35

1774 p

1773 992

1766 s#1

1735 2!

1732 994

1725 72

1718 54

1697 OM

1696 73

1694 b

1670 993

1668 z

1660 X

1640 68

1620 991

1597 71

1596 42

1589 65

1578 57

1574 990

1565 9*

1564 COM

1543 989

1540 an

1531 52

1530 100

1515 004

1507 321

1506 59

1503 F

1496 e!

1495 70

1465 36

1449 37

1449 63

1426 2*

1419 !!!

1415 995

1414 64

1410 w

1394 O1

1381 7!

1380 f

1374 60

1368 988

1360 7*

1354 FE

1335 777

1334 l1

1333 4!

1330 o1

1329 143

1319 8*

1316 40

1312 51

1303 62

1303 46

1302 58

1294 L1

1291 R1

1287 ***

1286 003

1283 53

1275 0%

1275 6!

1269 t1

1264 111

1263 W

1250 6*

1247 4*

1243 5*

1238 985

1237 41

1233 5!

1218 )

1217 61

1207 0*

1198 986

1196 V

1168 s!

1162 IFE

1160 fe

1157 002

1157 0!

1153 00%

1140 er1

1138 48

1131 999

1130 d1

1118 38

1117 es

1110 789

1103 984

1100 9!

1096 8!

1089 on

1089 996

1087 v

1076 23!

1068 010

1066 ~

1045 T1

1043 j

1038 e#1

1035 me

1015 39

1014 @1

1003 420

992 983

990 va

989 ife

986 VER

975 &

967 a!

962 e2

944 49

923 981

908 982

901 -

882 ^

878 1@

872 D1

863 Q

852 !1

851 y#1

845 980

824 ?

816 911

813 et

811 a#1

809 eva

809 /

805 AN

788 ng

787 @@

779 012

778 E2

776 +

770 r!

763 k1

763 n!

763 3@

758 h1

757 g1

755 997

748 na

745 an1

742 ie

739 23*

734 ne

734 112

734 q

733 *1

729 s2

727 212

725 ve

722 e12

722 #2

720 121

716 y!

716 2@

706 re

704 ER1

704 969

704 979

702 en

700 VA

696 A12

688 n#1

681 E12

674 ll

662 e01

661 H1

659 K1

657 ES

649 on1

648 333

644 210

641 in

640 222

639 rd

639 le

637 i1

634 213

631 ME

629 NA

629 555

629 978

627 011

624 888

624 a2

622 A2

621 n2

619 G1

616 @#

615 r#1

614 e3

610 ON

599 EVA

596 S2

596 a12

596 977

591 st

590 ck

590 #3

582 ar

579 ss

579 rl

570 998

565 net

562 el

559 n3

558 200

557 e13

555 A13

549 VE

541 AN1

534 313

533 214

533 t!

531 m1

530 I1

523 102

522 103

517 uk

516 n01

512 !@

512 105

509 E13

509 te

507 107

506 es1

505 975

504 125

501 305

500 s12

500 E3

498 N2

494 er!

493 ey

493 n12

490 ra

487 323

486 619

483 _

482 205

481 RE

480 s3

479 ch

479 976

475 e7

472 IN

471 786

471 206

470 ne1

469 ta

466 y2

465 ON1

465 $$

464 l!

464 12!

464 122

463 e11

462 !@#

460 la

460 a13

458 5@

458 106

458 .uk

454 ove

454 rs

453 M1

453 th

453 is

453 104

452 LA

451 187

451 ##

449 as

449 A3

448 r2

447 l#1

447 IE

446 ay

443 ce

443 ia

442 a01

441 N12

439 e07

439 AS

438 Y2

435 108

434 us

434 0@

433 973

432 159

431 ty

431 4@

430 3#

430 211

430 202

429 NA1

427 6@

426 a7

425 NE1

425 7@

424 23@

423 a*

422 808

421 e*

416 y12

415 Y12

415 E23

415 310

413 ES1

413 120

412 s7

411 E07

410 r12

410 EN

408 LL

407 215

407 e5

407 314

407 203

407 013

406 711

403 3**

402 Z1

401 d!

401 567

401 e4

400 il

400 OVE

